0.00669932 0.998 0.843 0.875 0.859
0.012 0.997 0.916 0.89 0.903

0.00340078 0.999 0.929 0.894 0.911
0.008 0.998 0.957 0.922 0.939

0.00291481 0.999 0.932 0.91 0.921
0.012 0.997 0.939 0.869 0.902

0.00258206 0.999 0.941 0.918 0.93
0.014 0.996 0.972 0.819 0.889

0.00245468 0.999 0.947 0.919 0.933
0.011 0.997 0.953 0.865 0.907

0.00224356 0.999 0.962 0.914 0.937
0.01 0.997 0.927 0.895 0.911

0.00214498 0.999 0.958 0.918 0.938
0.011 0.998 0.973 0.888 0.928

0.00208846 0.999 0.967 0.916 0.941
0.018 0.996 0.934 0.838 0.883

0.00203746 0.999 0.963 0.924 0.943
0.013 0.998 0.945 0.904 0.924

0.00195028 0.999 0.975 0.918 0.946
0.019 0.997 0.963 0.874 0.916

0.00235845 0.999 0.974 0.904 0.938
0.03 0.997 0.976 0.846 0.907

0.00190479 0.999 0.977 0.912 0.943
0.027 0.997 0.976 0.841 0.903

0.00198856 0.999 0.976 0.914 0.944
0.013 0.997 0.91 0.917 0.914

0.00642997 0.999 0.955 0.89 0.921
0.019 0.997 0.853 0.908 0.879

0.00169801 0.999 0.977 0.921 0.948
0.042 0.996 0.967 0.805 0.878

0.00189459 0.999 0.977 0.915 0.945
0.023 0.996 0.952 0.831 0.887

0.00192835 0.999 0.986 0.91 0.946
0.022 0.998 0.968 0.903 0.934

0.00201465 0.999 0.986 0.907 0.945
0.025 0.997 0.939 0.854 0.894

0.00180515 0.999 0.962 0.933 0.947
0.019 0.997 0.927 0.871 0.898

0.00177388 0.999 0.972 0.923 0.947
0.026 0.997 0.921 0.875 0.897

0.0020332 0.999 0.974 0.913 0.942
0.029 0.998 0.947 0.905 0.926

0.00187178 0.999 0.987 0.908 0.946
0.038 0.997 0.922 0.874 0.898

0.00179174 0.999 0.981 0.912 0.945
0.026 0.995 0.931 0.777 0.847

0.00628119 0.999 0.941 0.903 0.921
0.017 0.997 0.924 0.881 0.902

0.00165592 0.999 0.962 0.934 0.948
0.023 0.997 0.939 0.858 0.897

0.00184697 0.999 0.98 0.92 0.949
0.018 0.998 0.973 0.873 0.92

0.00178529 0.999 0.987 0.91 0.947
0.021 0.998 0.974 0.882 0.926

0.00171811 0.999 0.99 0.911 0.948
0.039 0.998 0.972 0.915 0.943

0.00176113 0.999 0.99 0.911 0.948
0.04 0.998 0.952 0.917 0.934

0.00172231 0.999 0.979 0.915 0.946
0.036 0.998 0.949 0.911 0.93

0.00434236 0.999 0.968 0.905 0.935
0.025 0.998 0.939 0.908 0.923

0.00164059 0.999 0.984 0.917 0.949
0.02 0.998 0.927 0.91 0.918

0.00177871 0.999 0.988 0.912 0.948
0.034 0.998 0.943 0.897 0.92

0.0017775 0.999 0.993 0.903 0.946
0.074 0.998 0.967 0.877 0.92

0.00180639 0.999 0.953 0.94 0.946
0.056 0.998 0.914 0.92 0.917

0.00172475 0.999 0.958 0.936 0.947
0.041 0.997 0.941 0.855 0.896

0.00177227 0.999 0.968 0.93 0.949
0.025 0.998 0.947 0.918 0.932

0.00190724 0.999 0.959 0.936 0.947
0.032 0.997 0.96 0.87 0.913

0.00165777 0.999 0.966 0.934 0.95
0.078 0.997 0.921 0.9 0.91

0.00209058 0.999 0.956 0.942 0.949
0.057 0.998 0.967 0.909 0.937

0.00242882 0.999 0.959 0.934 0.946
0.07 0.998 0.954 0.913 0.933

